1259, 0.0
3399, 0.0
4814, -2.0
5039, 0.0
5497, -1.0
7279, -1.0
7599, 0.0
13200, -1.0
13598, 0.0
14823, -1.0
15995, 0.0
18579, 8.0
19257, -2.0
20157, 0.0
20580, 0.0
21991, -1.0
26095, -1.0
26366, -2.0
27499, 0.0
29119, -1.0
30396, 0.0
31485, 0.0
31739, -2.0
32293, -1.0
33676, 9.0
40604, -1.0
42305, -1.0
52327, -1.0
52636, -1.0
52803, -1.0
54395, 0.0
54863, 9.0
55314, 9.0
56384, 0.0
57339, 9.0
57748, 0.0
59006, 0.0
59294, -1.0
61694, -1.0
63845, -1.0
63982, 0.0
65555, 0.0
67402, -1.0
69526, -1.0
71293, 8.0
72001, 0.0
72457, -2.0
74317, 8.0
75278, -1.0
75341, 9.0
77031, 0.0
77520, -1.0
78887, -1.0
80497, 0.0
80629, 0.0
81453, -1.0
82320, 0.0
85862, -1.0
86162, -1.0
86260, 0.0
86464, -1.0
87966, 0.0
91623, -1.0
93161, -1.0
93313, -1.0
97494, -1.0
102484, 0.0
102661, 0.0
103570, -1.0
104381, 0.0
104428, -1.0
105213, -1.0
105465, -2.0
109997, 0.0
110585, -1.0
110750, 0.0
111750, 8.0
111881, 0.0
114680, 0.0
116479, 0.0
118990, 0.0
119444, -1.0
119651, 0.0
121587, 0.0
125035, -1.0
125217, 0.0
125942, 0.0
126957, -2.0
129172, 0.0
139082, 0.0
149782, -1.0
151761, -1.0
152322, 0.0
153793, 0.0
157370, -1.0
161024, -1.0
161875, 0.0
162416, 0.0
167805, 0.0
169221, 0.0
170883, -2.0
178581, -1.0
179963, -2.0
184957, 0.0
187990, 0.0
188505, 0.0
188609, 0.0
190105, -1.0
197099, 0.0
198251, 0.0
202578, -1.0
206316, -1.0
209310, -1.0
210545, -1.0
211214, 0.0
211301, 0.0
212591, -1.0
214547, -1.0
215342, -1.0
217582, 0.0
219452, 7.0
221257, 0.0
225537, 0.0
229221, -1.0
229359, 7.0
230994, 0.0
234141, 0.0
234492, -1.0
235405, 0.0
236026, 0.0
236948, -1.0
237178, 0.0
246777, -1.0
248798, 0.0
251302, -1.0
255380, 0.0
255931, 0.0
260371, 0.0
261335, 8.0
261672, -1.0
262222, 0.0
263430, 0.0
263862, 0.0
265577, 0.0
266356, 0.0
266989, -1.0
267175, 0.0
267529, 0.0
268237, 0.0
269609, 0.0
269958, -1.0
278107, 0.0
279016, 0.0
285175, 5.0
288006, 0.0
291518, 0.0
297268, 0.0
301113, 0.0
301366, 0.0
304025, 0.0
304180, -1.0
310080, 0.0
315180, 0.0
315471, 0.0
315549, 0.0
316574, 0.0
321961, 0.0
321991, 0.0
322518, 0.0
325487, 0.0
325812, 0.0
329281, 0.0
332948, -1.0
334086, 0.0
334154, 0.0
334868, 0.0
335730, 0.0
336240, 0.0
337195, -1.0
337786, -1.0
339504, 0.0
342383, 0.0
343450, 0.0
344649, 0.0
345043, 0.0
345857, -1.0
346544, 0.0
351866, 0.0
354818, -1.0
361040, 0.0
366494, 0.0
371923, 0.0
372004, 0.0
372647, 0.0
373255, 0.0
377182, 0.0
380931, 0.0
382099, 0.0
382107, 0.0
389083, -1.0
389977, 0.0
391267, -1.0
392981, 0.0
399027, 0.0
403014, 0.0
405555, 0.0
408836, 0.0
409936, 0.0
410032, 0.0
410647, 0.0
413521, 0.0
413804, 0.0
414280, 0.0
414384, 0.0
416239, -1.0
416373, -1.0
417524, 0.0
417714, 0.0
419097, 0.0
419410, 0.0
420854, 0.0
421860, 0.0
424047, 0.0
426579, 0.0
435034, 0.0
438678, 0.0
439990, 0.0
441561, 0.0
442342, 0.0
443000, 0.0
444826, 0.0
447002, 0.0
447525, 0.0
453073, 0.0
455833, 0.0
458663, 0.0
458723, 0.0
459928, 0.0
460071, 0.0
465918, 0.0
475961, 0.0
477361, 0.0
477777, 0.0
478604, 0.0
480648, -1.0
486348, 0.0
491769, 0.0
497401, 0.0
498108, 0.0
500143, 0.0
500619, 0.0
500870, 0.0
501392, 0.0
503769, 0.0
506107, 0.0
507830, 0.0
509519, 0.0
512692, 0.0
513677, 0.0
514044, 0.0
515216, 0.0
516689, 0.0
518192, 0.0
523929, 0.0
531272, 0.0
532114, 0.0
535847, 0.0
536169, -1.0
547861, 0.0
550790, 0.0
550949, 0.0
555576, 0.0
555625, 0.0
556331, 0.0
561989, 0.0
569605, 0.0
574462, 0.0
579327, 0.0
593502, 0.0
595510, 0.0
597010, 0.0
598504, 0.0
599128, 0.0
601753, 0.0
601960, -1.0
603217, 0.0
603727, 0.0
607046, 0.0
607440, 0.0
608986, 0.0
609288, 0.0
615173, 0.0
615676, 0.0
621313, 0.0
623517, 0.0
627122, 0.0
627555, 0.0
628534, 0.0
628711, -1.0
629480, 0.0
629485, 0.0
633962, 0.0
634987, 0.0
636661, 0.0
636833, 0.0
644099, 0.0
646797, 0.0
647014, -1.0
647502, 0.0
649389, 0.0
649625, 0.0
649667, 0.0
649882, -1.0
652438, 0.0
657932, 0.0
671223, 0.0
671948, 0.0
672585, 0.0
676121, 0.0
676886, 0.0
683532, 0.0
684016, 0.0
684133, 0.0
685901, 0.0
688436, 0.0
704635, 0.0
708664, 0.0
709441, 0.0
710399, -1.0
711382, 0.0
714325, 0.0
719854, 0.0
721760, 0.0
722247, 0.0
725067, 0.0
725076, 0.0
726149, 0.0
728922, 0.0
732225, 0.0
738836, 0.0
739828, 0.0
751961, 0.0
754021, 0.0
754438, 0.0
756793, 0.0
760423, 0.0
762779, -1.0
766127, 0.0
766977, 0.0
769410, 0.0
776752, 0.0
777913, 0.0
784281, 0.0
784318, 0.0
786886, 0.0
786906, 0.0
788079, 0.0
788399, 0.0
788450, 0.0
788536, 0.0
789721, 0.0
790777, 0.0
792254, 0.0
793007, 0.0
793599, 0.0
797593, 0.0
801087, 0.0
802786, 0.0
810313, 0.0
812625, 0.0
814749, 0.0
818559, 0.0
821859, 0.0
825264, 0.0
842182, 0.0
843717, -1.0
844856, 0.0
845206, 0.0
848585, 0.0
850366, 0.0
853093, 0.0
853240, 0.0
854484, 0.0
857200, 0.0
858108, 0.0
858189, 0.0
861370, 0.0
864281, 0.0
866887, 0.0
870328, 0.0
870839, 0.0
870888, 0.0
876926, 0.0
877809, 0.0
877982, 0.0
878811, 0.0
879104, 0.0
882927, 1.0
885030, 0.0
886830, 0.0
887835, 0.0
888100, 0.0
889133, 0.0
890463, -1.0
891230, 0.0
892001, 0.0
894278, 0.0
897745, 0.0
900099, 0.0
902149, 0.0
902420, 0.0
904601, 0.0
905285, 0.0
905727, 0.0
913295, 0.0
913361, 2.0
915161, -1.0
916574, 0.0
916887, 0.0
917438, 0.0
923977, 0.0
934789, 0.0
936567, 0.0
937969, 0.0
938507, 0.0
940387, 0.0
940601, 0.0
941051, 0.0
941181, 0.0
941622, 0.0
944107, 0.0
945305, 0.0
947795, 0.0
948714, 0.0
954854, 0.0
957552, 0.0
960011, 0.0
965985, 0.0
968380, 0.0
977680, 0.0
982152, 0.0
985710, 0.0
987108, 0.0
994317, 0.0
994455, 0.0
995194, 0.0
999707, 0.0
1001951, -1.0
1002048, 0.0
1002487, 0.0
1003849, 0.0
1005211, 0.0
1009306, 0.0
1009638, 0.0
1013496, 0.0
1015271, 0.0
1018696, 0.0
1019286, 0.0
1021521, 0.0
1021621, 2.0
1022948, 0.0
1023727, 0.0
1031225, 0.0
1041486, 0.0
1042900, 0.0
1044764, 0.0
1045342, 0.0
1046688, 0.0
1048890, 0.0
1049425, 0.0
1052281, 0.0
1052574, 0.0
1053721, 0.0
1055450, 0.0
1058727, 0.0
1061657, 0.0
1062291, 0.0
1063013, 0.0
1063999, 0.0
1065426, 0.0
1066399, 0.0
1066576, 0.0
1066690, 0.0
1067956, 0.0
1068700, 0.0
1068939, 0.0
1070116, 0.0
1070141, 0.0
1071904, 0.0
1072949, 0.0
1074197, 0.0
1074241, 0.0
1074683, 0.0
1076263, 0.0
1076546, 0.0
1078437, 0.0
1078488, 0.0
1079834, 0.0
1083346, 0.0
1086021, 0.0
1088832, 0.0
1101401, 0.0
1102212, 0.0
1102411, 0.0
1107427, 0.0
1110775, 0.0
1112431, 0.0
1113909, 0.0
1115635, 0.0
1116065, 0.0
1120513, 0.0
1124582, 0.0
1124621, 0.0
1127371, 0.0
1127443, 0.0
1129066, 0.0
1131620, 0.0
1132114, 0.0
1132293, 0.0
1132874, 0.0
1133022, 0.0
1133452, 0.0
1138836, 0.0
1140702, 0.0
1141577, 0.0
1143808, 0.0
1146821, 0.0
1151084, 0.0
1152027, 0.0
1152172, 0.0
1152635, 0.0
1153428, 0.0
1159782, 0.0
1163353, 0.0
1163558, 0.0
1163593, 0.0
1172926, 0.0
1173103, 0.0
1175102, 0.0
1175955, 0.0
1177380, 0.0
1178124, 0.0
1179558, 0.0
1182537, 0.0
1185541, 0.0
1186273, 0.0
1186313, 0.0
1187470, 0.0
1189073, 0.0
1190977, 0.0
1193407, 0.0
1197453, 0.0
1197828, 0.0
1198202, 0.0
1199014, 0.0
1199066, 0.0
1199507, 0.0
1200822, 0.0
1202495, 0.0
1204455, 0.0
1205464, 0.0
1206190, 0.0
1207066, 0.0
1207322, 0.0
1207741, 0.0
1207784, 0.0
1210275, 0.0
1210329, 0.0
1210923, 0.0
1210982, 0.0
1211685, 0.0
1216101, 0.0
1216563, 0.0
1216722, 0.0
1217606, 0.0
1219580, 0.0
1220051, 0.0
1220685, 0.0
1224734, 0.0
1225936, 0.0
1226421, 0.0
1230806, 0.0
1231632, 0.0
1237774, 0.0
1239440, 0.0
1240320, 0.0
1242764, 0.0
1244646, 0.0
1244655, 0.0
1245595, 0.0
1245710, 0.0
1251732, 0.0
1252263, 0.0
1259505, 0.0
1260722, 0.0
1261849, 0.0
1261886, 0.0
1262197, 0.0
1262876, 0.0
1263103, 0.0
1265297, 0.0
1266298, 0.0
1267807, 0.0
1268278, 0.0
1270534, 0.0
1270601, 0.0
1274181, 0.0
1276916, 0.0
1283726, 0.0
1283838, 0.0
1287289, 0.0
1287964, 0.0
1290072, 0.0
1299063, 0.0
1299088, 0.0
1299538, 0.0
1300902, 0.0
1300985, 0.0
1301950, 0.0
1303250, 0.0
1303397, 0.0
1309767, 0.0
1311698, 0.0
1314148, 0.0
1316552, 0.0
1317125, 0.0
1317712, 0.0
1320081, 0.0
1324129, 0.0
1326393, 0.0
1328704, 0.0
1329721, 0.0
1329731, 0.0
1330418, 0.0
1330436, 0.0
1331794, 0.0
1331831, 0.0
1334528, 0.0
1336347, 0.0
1336619, 0.0
1336734, 0.0
1336933, 0.0
1339414, 0.0
1339474, 0.0
1342351, 0.0
1342921, 0.0
1343107, 0.0
1344210, 0.0
1344961, 0.0
1348033, 0.0
1348126, 0.0
1348452, 0.0
1348781, 0.0
1350406, 0.0
1350511, 0.0
1350522, 0.0
1351144, 0.0
1351306, 0.0
1354759, 0.0
1355181, 0.0
1356484, 0.0
1358019, 0.0
1359737, 0.0
1360003, 0.0
1364900, 0.0
1365645, 0.0
1367805, 0.0
1369535, 0.0
1373801, 0.0
1377714, 0.0
1378596, 0.0
1380174, 0.0
1381006, 0.0
1383429, 0.0
1386177, 0.0
1387697, 0.0
1390527, 0.0
1399360, 0.0
1401392, 0.0
1403139, 0.0
1407467, 0.0
1411267, 0.0
1413328, 0.0
1413754, 0.0
1416463, 0.0
1418255, 0.0
1418988, 0.0
1419272, 0.0
1433872, 0.0
1435567, 0.0
1444163, 0.0
1445941, 0.0
1447905, 0.0
1450767, 0.0
1454170, 0.0
1459010, 0.0
1460713, 0.0
1462037, 0.0
1462222, 0.0
1462579, 0.0
1464544, 0.0
1464804, 0.0
1465978, 0.0
1466155, 0.0
1469284, 0.0
1471551, 0.0
1471819, 0.0
1472829, 0.0
1473521, 0.0
1478066, 0.0
1478076, 0.0
1478249, 0.0
1478716, 0.0
1480705, 0.0
1481648, 0.0
1482110, 0.0
1482756, 0.0
1487693, 0.0
1488017, 0.0
1488205, 0.0
1490590, 0.0
1493022, 0.0
1497412, 0.0
1501833, 0.0
1505625, 0.0
1505901, 0.0
1508730, 0.0
1521184, 0.0
1523725, 0.0
1527655, 0.0
1528397, 0.0
1528429, 0.0
1539912, 0.0
1541185, 0.0
1543589, 0.0
1543932, 0.0
1546699, 0.0
1547916, 0.0
1547936, 0.0
1547964, 0.0
1551163, 0.0
1552414, 0.0
1555718, 0.0
1556332, 0.0
1559254, 0.0
1559908, 0.0
1561399, 0.0
1565071, 0.0
1566615, 0.0
1567921, 0.0
1567944, 0.0
1571926, 0.0
1572027, 0.0
1573207, 0.0
1576961, 0.0
1577572, 0.0
1582349, 0.0
1584613, 0.0
1584645, 0.0
1587673, 0.0
1589462, 0.0
1596109, 0.0
1597318, 0.0
1606374, 0.0
1608767, 0.0
1612059, 0.0
1622044, 0.0
1622221, 0.0
1622379, 0.0
1622463, 0.0
1629444, 0.0
1635345, 0.0
1638649, 0.0
1639747, 0.0
1640130, 0.0
1641739, 0.0
1642591, 0.0
1643218, 0.0
1644041, 0.0
1645350, 0.0
1648550, 0.0
1652276, 0.0
1654085, 0.0
1655221, 0.0
1655972, 0.0
1656015, 0.0
1656422, 0.0
1657121, 0.0
1657536, 0.0
1657847, 0.0
1658630, 0.0
1660038, 0.0
1662481, 0.0
1663874, 0.0
1664498, 0.0
1664915, 0.0
1664959, 0.0
1665495, 0.0
1666728, 0.0
1666982, 0.0
1667938, 0.0
1669608, 0.0
1669610, 0.0
1670096, 0.0
1670317, 0.0
1670859, 0.0
1676390, 0.0
1676479, 0.0
1676769, 0.0
1677643, 0.0
1679613, 0.0
1682833, 0.0
1683076, 0.0
1683155, 0.0
1683418, 0.0
1685243, 0.0
1686532, 0.0
1687441, 0.0
1688139, 0.0
1689110, 0.0
1690531, 0.0
1691903, 0.0
1692972, 0.0
1696189, 0.0
1697012, 0.0
1699781, 0.0
1702306, 0.0
1702644, 0.0
1703971, 0.0
1706316, 0.0
1707997, 0.0
1714625, 0.0
1716398, 0.0
1717963, 0.0
1718000, 0.0
1718694, 0.0
1719280, 0.0
1720478, 0.0
1720560, 0.0
1722262, 0.0
1728517, 0.0
1730313, 0.0
1731719, 0.0
1732291, 0.0
1734139, 0.0
1736722, 0.0
1740138, 0.0
1742038, 0.0
1754714, 0.0
1754787, 0.0
1756471, 0.0
1757764, 0.0
1758519, 0.0
1758928, 0.0
1759510, 0.0
1759963, 0.0
1760154, 0.0
1763407, 0.0
1764661, 0.0
1766175, 0.0
1766244, 0.0
1767648, 0.0
1768057, 0.0
1768879, 0.0
1769370, 0.0
1771199, 0.0
1772001, 0.0
1774511, 0.0
1777786, 0.0
1778153, 0.0
1779295, 0.0
1779307, 0.0
1781016, 0.0
1788008, 0.0
1788545, 0.0
1790102, 0.0
1794932, 0.0
1795346, 0.0
1795514, 0.0
1797972, 0.0
1798078, 0.0
1800720, 0.0
1803031, 0.0
1805616, 0.0
1808896, 0.0
1812293, 0.0
1813031, 0.0
1814729, 0.0
1818675, 0.0
1818694, 0.0
1823335, 0.0
1824018, 0.0
1827450, 0.0
1828196, 0.0
1829302, 0.0
1830834, 0.0
1832180, 0.0
1833246, 0.0
1834024, 0.0
1834654, 0.0
1834895, 0.0
1836169, 0.0
1837652, 0.0
1839712, 0.0
1840285, 0.0
1840619, 0.0
1841481, 0.0
1851472, 0.0
1855817, 0.0
1859947, 0.0
1863674, 0.0
1872101, 0.0
1882681, 0.0
1889435, 0.0
1890434, 0.0
1890709, 0.0
1900597, 0.0
1901657, 0.0
1903845, 0.0
1904627, 0.0
1906356, 0.0
1908730, 0.0
1909444, 0.0
1911108, 0.0
1914416, 0.0
1916319, 0.0
1916989, 0.0
1918553, 0.0
1919286, 0.0
1919414, 0.0
1921739, 0.0
1922595, 0.0
1933004, 0.0
1938672, 0.0
1945393, 0.0
1949223, 0.0
1960152, 0.0
1963624, 0.0
1965345, 0.0
1967077, 0.0
1970439, 0.0
1971429, 0.0
1973202, 0.0
1980053, 0.0
1981426, 0.0
1982931, 0.0
1985311, 0.0
1986378, 0.0
1986932, 0.0
1988169, 0.0
1989605, 0.0
1989949, 0.0
1992432, 0.0
1992494, 0.0
1992943, 0.0
1994292, 0.0
1997360, 0.0
1997441, 0.0
1997499, 0.0
1997555, 0.0
1999891, 0.0
2000572, 0.0
2001616, 0.0
2001936, 0.0
2002479, 0.0
2003482, 0.0
2005568, 0.0
2007123, 0.0
2009507, 0.0
2010348, 0.0
2010860, 0.0
2013504, 0.0
2014420, 0.0
2015077, 0.0
2015353, 0.0
2024431, 0.0
2027389, 0.0
2027962, 0.0
2028569, 0.0
2029581, 0.0
2029819, 0.0
2030673, 0.0
2030868, 0.0
2031025, 0.0
2031323, 0.0
2034074, 0.0
2038077, 0.0
2042715, 0.0
2050262, 0.0
2050404, 0.0
2050771, 0.0
2051295, 0.0
2054710, 0.0
2056178, 0.0
2057859, 0.0
2059670, 0.0
2060867, 0.0
2065981, 0.0
2066756, 0.0
2072157, 0.0
2072768, 0.0
2076494, 0.0
2077381, 0.0
2077474, 0.0
2082287, 0.0
2085401, 0.0
2085659, 0.0
2086887, 0.0
2087289, 0.0
2093402, 0.0
2095717, 0.0
2096097, 0.0
2098355, 0.0
2098526, 0.0
2111486, 0.0
2113113, 0.0
2113540, 0.0
2115987, 0.0
2116873, 0.0
2118617, 0.0
2120057, 0.0
2125089, 0.0
2126899, 0.0
2128456, 0.0
2135092, 0.0
2135232, 0.0
2138304, 0.0
2143391, 0.0
2144149, 0.0
2144278, 0.0
2144678, 0.0
2146426, 0.0
2146714, 0.0
2147796, 0.0
2150299, 0.0
2156389, 0.0
2163117, 0.0
2163546, 0.0
2163945, 0.0
2166906, 0.0
2176295, 0.0
2178523, 0.0
2182747, 0.0
2183788, 0.0
2190132, 0.0
2191447, 0.0
2194968, 0.0
2197905, 0.0
2199361, 0.0
2203163, 0.0
2203796, 0.0
2211110, 0.0
2222306, 0.0
2222500, 0.0
2225325, 0.0
2231194, 0.0
2240767, 0.0
2247956, 0.0
2249012, 0.0
2253932, 0.0
2259622, 0.0
2261635, 0.0
2268185, 0.0
2274318, 0.0
2278421, 0.0
2293873, 0.0
2294582, 0.0
2294846, 0.0
2295215, 0.0
2295551, 0.0
2296550, 0.0
2297423, 0.0
2297848, 0.0
2313222, 0.0
2316928, 0.0
2319767, 0.0
2320721, 0.0
2321588, 0.0
2322176, 0.0
2323473, 0.0
2325475, 0.0
2331778, 0.0
2333294, 0.0
2333478, 0.0
2342690, 0.0
2347078, 0.0
2347773, 0.0
2350969, 0.0
2352557, 0.0
2354958, 0.0
2360295, 0.0
2361833, 0.0
2362566, 0.0
2363151, 0.0
2364687, 0.0
2366217, 0.0
2366774, 0.0
2367988, 0.0
2372754, 0.0
2373720, 0.0
2374008, 0.0
2376060, 0.0
2378570, 0.0
2379418, 0.0
2381861, 0.0
2382043, 0.0
2387097, 0.0
2388041, 0.0
2390383, 0.0
2390427, 0.0
2394019, 0.0
2396515, 0.0
2396918, 0.0
2399897, 0.0
2402047, 0.0
2402164, 0.0
2404853, 0.0
2407012, 0.0
2407843, 0.0
2412871, 0.0
2414103, 0.0
2414802, 0.0
2414908, 0.0
2421924, 0.0
2422036, 0.0
2424593, 0.0
2425689, 0.0
2426580, 0.0
2428184, 0.0
2429328, 0.0
2429584, 0.0
2429756, 0.0
2429761, 0.0
2430784, 0.0
2431385, 0.0
2432928, 0.0
2433204, 0.0
2434183, 0.0
2435841, 0.0
2435947, 0.0
2437086, 0.0
2437152, 0.0
2438377, 0.0
2441580, 0.0
2445850, 0.0
2446992, 0.0
2450484, 0.0
2450590, 0.0
2455620, 0.0
2460694, 0.0
2461194, 0.0
2462707, 0.0
2462796, 0.0
2463288, 0.0
2463690, 0.0
2465359, 0.0
2465532, 0.0
2466714, 0.0
2467679, 0.0
2469203, 0.0
2471505, 0.0
2472610, 0.0
2473558, 0.0
2473627, 0.0
2477448, 0.0
2479065, 0.0
2483049, 0.0
2483826, 0.0
2484131, 0.0
2484136, 0.0
2484942, 0.0
2485255, 0.0
2486081, 0.0
2486965, 0.0
2489132, 0.0
2490453, 0.0
2491392, 0.0
2493313, 0.0
2494070, 0.0
2508489, 0.0
2510221, 0.0
2510957, 0.0
2511257, 0.0
2511613, 0.0
2512161, 0.0
2512772, 0.0
2514136, 0.0
2514845, 0.0
2516271, 0.0
2517921, 0.0
2517940, 0.0
2518785, 0.0
2519186, 0.0
2519784, 0.0
2522813, 0.0
2523144, 0.0
2524151, 0.0
2526972, 0.0
2527271, 0.0
2527717, 0.0
2529730, 0.0
2530081, 0.0
2532661, 0.0
2535848, 0.0
2537029, 0.0
2538003, 0.0
2538317, 0.0
2539371, 0.0
2539951, 0.0
2541690, 0.0
2541975, 0.0
2544288, 0.0
2545885, 0.0
2546645, 0.0
2546671, 0.0
2547332, 0.0
2547909, 0.0
2548556, 0.0
2550834, 0.0
2551825, 0.0
2555197, 0.0
2555463, 0.0
2555658, 0.0
2556194, 0.0
2557522, 0.0
2562138, 0.0
2567822, 0.0
2569510, 0.0
2573308, 0.0
2573741, 0.0
2576399, 0.0
2576790, 0.0
2577586, 0.0
2580403, 0.0
2581820, 0.0
2587190, 0.0
2588058, 0.0
2590009, 0.0
2590452, 0.0
2593479, 0.0
2593746, 0.0
2593885, 0.0
2594639, 0.0
2595387, 0.0
2596526, 0.0
2597556, 0.0
2597636, 0.0
2598670, 0.0
2598932, 0.0
2599528, 0.0
2599867, 0.0
2600757, 0.0
2603999, 0.0
2604142, 0.0
2604820, 0.0
2609753, 0.0
2616275, 0.0
2618873, 0.0
2621582, 0.0
2621740, 0.0
2626370, 0.0
2626806, 0.0
2630960, 0.0
2631728, 0.0
2633758, 0.0
2637685, 0.0
2638138, 0.0
2641782, 0.0
2646628, 0.0
2662057, 0.0
2664198, 0.0
2665731, 0.0
2670863, 0.0
2671289, 0.0
2676384, 0.0
2677549, 0.0
2677696, 0.0
2680475, 0.0
2680521, 0.0
2684894, 0.0
2687610, 0.0
2687793, 0.0
2687939, 0.0
2690340, 0.0
2694747, 0.0
2694758, 0.0
2704484, 0.0
2707547, 0.0
2719765, 0.0
2720480, 0.0
2724891, 0.0
2726948, 0.0
2728969, 0.0
2732574, 0.0
2733623, 0.0
2734129, 0.0
2734860, 0.0
2736066, 0.0
2736200, 0.0
2736532, 0.0
2740587, 0.0
2741349, 0.0
2742252, 0.0
2743607, 0.0
2745998, 0.0
2748187, 0.0
2751870, 0.0
2752587, 0.0
2753744, 0.0
2753853, 0.0
2762666, 0.0
2766248, 0.0
2773850, 0.0
2777272, 0.0
2781202, 0.0
2787818, 0.0
2805446, 0.0
2812916, 0.0
2813646, 0.0
2818543, 0.0
2822209, 0.0
2824553, 0.0
2824845, 0.0
2831583, 0.0
2833178, 0.0
2834657, 0.0
2836752, 0.0
2837764, 0.0
2839774, 0.0
2841410, 0.0
2843736, 0.0
2845531, 0.0
2845550, 0.0
2846312, 0.0
2855949, 0.0
2857300, 0.0
2859325, 0.0
2863059, 0.0
2864342, 0.0
2865977, 0.0
2866695, 0.0
2870397, 0.0
2870605, 0.0
2870673, 0.0
2872214, 0.0
2872848, 0.0
2876288, 0.0
2877926, 0.0
2879416, 0.0
2880721, 0.0
2881113, 0.0
2881214, 0.0
2883178, 0.0
2885567, 0.0
2887041, 0.0
2888988, 0.0
2890495, 0.0
2893701, 0.0
2894831, 0.0
2896478, 0.0
2900231, 0.0
2900270, 0.0
2900304, 0.0
2904599, 0.0
2907465, 0.0
2909607, 0.0
2910773, 0.0
2911181, 0.0
2915688, 0.0
2916841, 0.0
2918310, 0.0
2922878, 0.0
2922926, 0.0
2928724, 0.0
2928900, 0.0
2928968, 0.0
2929761, 0.0
2932765, 0.0
2934950, 0.0
2942407, 0.0
2944107, 0.0
2950022, 0.0
2957728, 0.0
2958403, 0.0
2959314, 0.0
2959876, 0.0
2962449, 0.0
2966105, 0.0
2970491, 0.0
2976128, 0.0
2977032, 0.0
2985424, 0.0
2986336, 0.0
2987082, 0.0
2987754, 0.0
2993517, 0.0
2993593, 0.0
2996640, 0.0
2997585, 0.0
2998011, 0.0
3007844, 0.0
3008577, 0.0
3016087, 0.0
3017753, 0.0
3017821, 0.0
3017977, 0.0
3027172, 0.0
3028160, 0.0
3035189, 0.0
3035642, 0.0
3040594, 0.0
3041280, 0.0
3041566, 0.0
3041692, 0.0
3048695, 0.0
3051116, 0.0
3054870, 0.0
3057822, 0.0
3059972, 0.0
3063629, 0.0
3064510, 0.0
3064613, 0.0
3067484, 0.0
3068761, 0.0
3073681, 0.0
3075301, 0.0
3077643, 0.0
3078098, 0.0
3078173, 0.0
3080398, 0.0
3080474, 0.0
3083850, 0.0
3092981, 0.0
3093812, 0.0
3094084, 0.0
3096977, 0.0
3099038, 0.0
3100250, 0.0
3100557, 0.0
3101770, 0.0
3102784, 0.0
3104951, 0.0
3107010, 0.0
3111352, 0.0
3111653, 0.0
3112227, 0.0
3113183, 0.0
3113424, 0.0
3116547, 0.0
3116988, 0.0
3118480, 0.0
3122904, 0.0
3123098, 0.0
3125953, 0.0
3127347, 0.0
3129035, 0.0
3129056, 0.0
3130646, 0.0
3131520, 0.0
3133764, 0.0
3134277, 0.0
3134418, 0.0
3135847, 0.0
3136248, 0.0
3136275, 0.0
3137124, 0.0
3137272, 0.0
3138726, 0.0
3141044, 0.0
3141795, 0.0
3144105, 0.0
3144315, 0.0
3145279, 0.0
3147547, 0.0
3147627, 0.0
3149028, 0.0
3150242, 0.0
3150372, 0.0
3152319, 0.0
3153599, 0.0
3153662, 0.0
3153801, 0.0
3154147, 0.0
3156304, 0.0
3158887, 0.0
3159556, 0.0
3163109, 0.0
3164547, 0.0
3167344, 0.0
3169018, 0.0
3171620, 0.0
3172031, 0.0
3173374, 0.0
3174398, 0.0
3185070, 0.0
3186196, 0.0
3187679, 0.0
3188448, 0.0
3190373, 0.0
3190718, 0.0
3197307, 0.0
3204263, 0.0
3204351, 0.0
3210820, 0.0
3211146, 0.0
3211585, 0.0
3212317, 0.0
3212475, 0.0
3212610, 0.0
3218607, 0.0
3228965, 0.0
3229062, 0.0
3229788, 0.0
3234432, 0.0
3241252, 0.0
3241254, 0.0
3242998, 0.0
3245484, 0.0
3249108, 0.0
3249821, 0.0
3250502, 0.0
3254486, 0.0
3256118, 0.0
3258996, 0.0
3260393, 0.0
3274147, 0.0
3274239, 0.0
3278756, 0.0
3284634, 0.0
3287438, 0.0
3294103, 0.0
3301056, 0.0
3302905, 0.0
3303099, 0.0
3323327, 0.0
3326168, 0.0
3326289, 0.0
3326994, 0.0
3327265, 0.0
3328374, 0.0
3330437, 0.0
3336422, 0.0
3338080, 0.0
3340206, 0.0
3342454, 0.0
3350367, 0.0
3351192, 0.0
3363437, 0.0
3366459, 0.0
3367435, 0.0
3368011, 0.0
3368535, 0.0
3368728, 0.0
3374518, 0.0
3374871, 0.0
3379425, 0.0
3380824, 0.0
3381023, 0.0
3385730, 0.0
3387823, 0.0
3394341, 0.0
3401465, 0.0
3408084, 0.0
3411481, 0.0
3412327, 0.0
3412372, 0.0
3412400, 0.0
3412962, 0.0
3414288, 0.0
3417936, 0.0
3421078, 0.0
3424205, 0.0
3428633, 0.0
3428801, 0.0
3429091, 0.0
3431122, 0.0
3432433, 0.0
3432756, 0.0
3439716, 0.0
3440617, 0.0
3442296, 0.0
3442306, 0.0
3443472, 0.0
3444079, 0.0
3445004, 0.0
3445481, 0.0
3446351, 0.0
3447275, 0.0
3448310, 0.0
3448649, 0.0
3449868, 0.0
3450129, 0.0
3450899, 0.0
3452212, 0.0
3456891, 0.0
3457126, 0.0
3458793, 0.0
3460604, 0.0
3461190, 0.0
3461503, 0.0
3463361, 0.0
3466659, 0.0
3467550, 0.0
3470493, 0.0
3470974, 0.0
3471577, 0.0
3473652, 0.0
3475814, 0.0
3478685, 0.0
3479911, 0.0
3481315, 0.0
3482841, 0.0
3483355, 0.0
3483358, 0.0
3483554, 0.0
3490979, 0.0
3492652, 0.0
3493359, 0.0
3496076, 0.0
3500475, 0.0
3507213, 0.0
3507704, 0.0
3511237, 0.0
3511929, 0.0
3513682, 0.0
3515244, 0.0
3515247, 0.0
3515904, 0.0
3516417, 0.0
3531711, 0.0
3537381, 0.0
3537714, 0.0
3538734, 0.0
3540121, 0.0
3541881, 0.0
3547321, 0.0
3551239, 0.0
3551343, 0.0
3552401, 0.0
3553089, 0.0
3556532, 0.0
3556738, 0.0
3559721, 0.0
3560385, 0.0
3561852, 0.0
3562410, 0.0
3563130, 0.0
3564920, 0.0
3565631, 0.0
3568005, 0.0
3571304, 0.0
3574827, 0.0
3577113, 0.0
3585460, 0.0
3585766, 0.0
3587271, 0.0
3587640, 0.0
3589355, 0.0
3590982, 0.0
3594606, 0.0
3597952, 0.0
3600396, 0.0
3601732, 0.0
3602590, 0.0
3603436, 0.0
3608596, 0.0
3609682, 0.0
3613753, 0.0
3618405, 0.0
3621142, 0.0
3622910, 0.0
3633033, 0.0
3642770, 0.0
3644301, 0.0
3645700, 0.0
3646304, 0.0
3649104, 0.0
3653123, 0.0
3653182, 0.0
3653445, 0.0
3658293, 0.0
3660192, 0.0
3660645, 0.0
3661435, 0.0
3666299, 0.0
3667078, 0.0
3667550, 0.0
3669752, 0.0
3673599, 0.0
3674006, 0.0
3675742, 0.0
3677452, 0.0
3682406, 0.0
3682677, 0.0
3683302, 0.0
3686507, 0.0
3687454, 0.0
3691414, 0.0
3695568, 0.0
3695909, 0.0
3698505, 0.0
3707981, 0.0
3711136, 0.0
3720083, 0.0
3724033, 0.0
3725669, 0.0
3725908, 0.0
3731400, 0.0
3734467, 0.0
3737421, 0.0
3739158, 0.0
3740582, 0.0
3746239, 0.0
3746269, 0.0
3746941, 0.0
3749253, 0.0
3751209, 0.0
3751876, 0.0
3752150, 0.0
3753424, 0.0
3753960, 0.0
3754029, 0.0
3755322, 0.0
3758349, 0.0
3758375, 0.0
3761427, 0.0
3761550, 0.0
3762406, 0.0
3763028, 0.0
3764117, 0.0
3764724, 0.0
3765494, 0.0
3766490, 0.0
3773768, 0.0
3775424, 0.0
3775674, 0.0
3776431, 0.0
3776514, 0.0
3777471, 0.0
3777657, 0.0
3778160, 0.0
3778893, 0.0
3781221, 0.0
3781800, 0.0
3782867, 0.0
3791183, 0.0
3794387, 0.0
3794859, 0.0
3795137, 0.0
3795461, 0.0
3795694, 0.0
3795917, 0.0
3796727, 0.0
3804167, 0.0
3805262, 0.0
3806173, 0.0
3807987, 0.0
3812160, 0.0
3813443, 0.0
3815615, 0.0
3815858, 0.0
3819417, 0.0
3819625, 0.0
3826950, 0.0
3827970, 0.0
3829133, 0.0
3830874, 0.0
3831065, 0.0
3832227, 0.0
3832774, 0.0
3834191, 0.0
3840046, 0.0
3842682, 0.0
3847089, 0.0
3849139, 0.0
3851280, 0.0
3859715, 0.0
3862401, 0.0
3863379, 0.0
3863781, 0.0
3863940, 0.0
3865908, 0.0
3866006, 0.0
3867108, 0.0
3869435, 0.0
3869847, 0.0
3873523, 0.0
3877909, 0.0
3877970, 0.0
3879465, 0.0
3881329, 0.0
3886437, 0.0
3894555, 0.0
3900222, 0.0
3903421, 0.0
3906119, 0.0
3910721, 0.0
3912599, 0.0
3915252, 0.0
3916690, 0.0
3917545, 0.0
3919972, 0.0
3920867, 0.0
3921965, 0.0
3923566, 0.0
3923784, 0.0
3924023, 0.0
3924084, 0.0
3924975, 0.0
3927216, 0.0
3927564, 0.0
3928389, 0.0
3928608, 0.0
3929169, 0.0
3929796, 0.0
3930989, 0.0
3932985, 0.0
3933288, 0.0
3941995, 0.0
3942647, 0.0
3942840, 0.0
3946793, 0.0
3948433, 0.0
3950379, 0.0
3952993, 0.0
3954336, 0.0
3956477, 0.0
3958005, 0.0
3976559, 0.0
3977270, 0.0
3977821, 0.0
3980779, 0.0
3983319, 0.0
3987342, 0.0
3987730, 0.0
3992160, 0.0
3998828, 0.0
3999300, 0.0
4002886, 0.0
4006302, 0.0
4006747, 0.0
4007315, 0.0
4007546, 0.0
4007805, 0.0
4008195, 0.0
4008781, 0.0
4009950, 0.0
4010426, 0.0
4010879, 0.0
4011103, 0.0
4012392, 0.0
4013351, 0.0
4013622, 0.0
4015399, 0.0
4018472, 0.0
4020846, 0.0
4022531, 0.0
4024148, 0.0
4024539, 0.0
4030073, 0.0
4030411, 0.0
4031198, 0.0
4036510, 0.0
4037135, 0.0
4037226, 0.0
4038554, 0.0
4039434, 0.0
4042638, 0.0
4043066, 0.0
4044379, 0.0
4049166, 0.0
4053986, 0.0
4056803, 0.0
4058004, 0.0
4059008, 0.0
4060301, 0.0
4061086, 0.0
4064127, 0.0
4065091, 0.0
4067354, 0.0
4069620, 0.0
4072723, 0.0
4073512, 0.0
4077145, 0.0
4077580, 0.0
4079344, 0.0
4080873, 0.0
4082287, 0.0
4085315, 0.0
4086084, 0.0
4086485, 0.0
4090451, 0.0
4091792, 0.0
4094324, 0.0
4094909, 0.0
4096769, 0.0
4102465, 0.0
4103011, 0.0
4103494, 0.0
4103784, 0.0
4103921, 0.0
4111673, 0.0
4115205, 0.0
4115220, 0.0
4115594, 0.0
4119366, 0.0
4120783, 0.0
4124900, 0.0
4125944, 0.0
4127532, 0.0
4127619, 0.0
4131389, 0.0
4133322, 0.0
4133976, 0.0
4134312, 0.0
4134847, 0.0
4142563, 0.0
4143768, 0.0
4146449, 0.0
4147303, 0.0
4148334, 0.0
4148503, 0.0
4149065, 0.0
4153246, 0.0
4154780, 0.0
4154855, 0.0
4156387, 0.0
4156494, 0.0
4159888, 0.0
4160480, 0.0
4164106, 0.0
4165631, 0.0
4165946, 0.0
4166299, 0.0
4168340, 0.0
4171344, 0.0
4171601, 0.0
4171708, 0.0
4175569, 0.0
4178575, 0.0
4179058, 0.0
4179306, 0.0
4181368, 0.0
4186754, 0.0
4187135, 0.0
4187813, 0.0
4188564, 0.0
4188655, 0.0
4190086, 0.0
4192511, 0.0
